5.924437245879907010e+01 5.064537620074934665e+01 1.061000000000000000e+03 1.666666666666666519e+00 1.038159203647669726e-01 1.080000000000000000e+02 1.623678589388715884e-02 1.000000000000000000e+00 -1.361263612138702284e+00
5.953079639017913394e+01 4.960211854518725261e+01 1.043000000000000000e+03 1.666666666666666519e+00 1.102063778038345349e-01 1.060000000000000000e+02 1.478792165555602861e-02 1.000000000000000000e+00 -2.743263285472194557e+00
5.865989822534067599e+01 5.196324739665953985e+01 1.135000000000000000e+03 1.944444444444444420e+00 1.150508458477967622e-01 1.080000000000000000e+02 1.129232204591949264e-02 1.000000000000000000e+00 -2.873510854859275820e+00
6.056406832979899235e+01 5.232434274499747318e+01 1.177000000000000000e+03 1.944444444444444420e+00 1.238003296715733809e-01 1.070000000000000000e+02 1.200131892018466151e-02 1.000000000000000000e+00 -1.808464062664149719e+00
4.996601263707067631e+01 5.187574135314968515e+01 1.173000000000000000e+03 1.944444444444444420e+00 1.158858156973758269e-01 1.060000000000000000e+02 7.538320617564300309e-03 1.000000000000000000e+00 -4.153110849671078908e-01
5.237071195807497048e+01 5.145360919178497738e+01 1.171000000000000000e+03 1.944444444444444420e+00 1.172235200672707284e-01 1.050000000000000000e+02 8.553182523978474644e-03 1.000000000000000000e+00 1.970862560649572770e-01
5.131392058597065642e+01 5.365078065593112200e+01 1.255000000000000000e+03 1.944444444444444420e+00 1.164045395613798051e-01 1.070000000000000000e+02 1.008182254442541517e-02 1.000000000000000000e+00 4.347419707591490545e-02
6.124024421270102891e+01 5.868556834478188478e+01 1.421000000000000000e+03 2.222222222222222321e+00 1.258136610855823123e-01 1.130000000000000000e+02 1.382771127204508038e-02 1.000000000000000000e+00 3.150489043121926791e-01
7.073168834367486113e+01 7.029778177272164896e+01 1.718000000000000000e+03 2.777777777777777679e+00 1.414019654175201757e-01 1.350000000000000000e+02 1.520901788129342021e-02 1.000000000000000000e+00 1.143556283284788089e+00
8.487204626775860561e+01 8.054411941347578363e+01 2.128000000000000000e+03 3.611111111111111160e+00 1.715810231441316225e-01 1.860000000000000000e+02 1.558132867274388683e-02 1.000000000000000000e+00 1.229983495642840152e+00
1.267007898483530681e+02 7.103247545983693101e+01 1.735000000000000000e+03 4.166666666666666963e+00 2.304346214569539530e-01 1.370000000000000000e+02 1.760639051496050780e-02 2.000000000000000000e+00 1.208408923465759816e-01
1.736487310553678753e+02 6.257323096357501413e+01 1.477000000000000000e+03 4.166666666666666963e+00 2.510473483157037444e-01 1.220000000000000000e+02 2.285051385410447750e-02 2.000000000000000000e+00 3.699093468223316195e-01
1.650697231226059500e+02 7.195048156510280535e+01 1.679000000000000000e+03 4.722222222222222321e+00 2.579482404138547236e-01 1.640000000000000000e+02 1.925643409698022182e-02 2.000000000000000000e+00 -4.820301190885151188e-01
1.656803368401040757e+02 6.300771607762888493e+01 1.994000000000000000e+03 5.555555555555555358e+00 2.811439706345916223e-01 2.260000000000000000e+02 1.671864035229230633e-02 2.000000000000000000e+00 -2.780694094065723654e+00
1.391628654898204616e+02 6.501019267040403804e+01 2.288000000000000000e+03 6.388888888888888395e+00 2.961072721698152499e-01 2.390000000000000000e+02 5.941445950155570602e-03 2.000000000000000000e+00 -4.183924533447040517e+00
2.440015668077444104e+02 6.313047904185829395e+01 1.508000000000000000e+03 6.388888888888888395e+00 3.445459945591720086e-01 1.220000000000000000e+02 1.072605940037578073e-02 3.000000000000000000e+00 -2.784765856975321974e-01
2.520139255591189453e+02 7.023324377613096203e+01 1.704000000000000000e+03 6.388888888888888395e+00 3.557375464849786284e-01 1.360000000000000000e+02 1.797704483074155993e-02 3.000000000000000000e+00 1.807936047018180670e+00
2.768135136019527067e+02 6.926328996660770088e+01 1.797000000000000000e+03 6.944444444444444642e+00 3.626738295230416687e-01 1.970000000000000000e+02 2.077127419334850664e-02 3.000000000000000000e+00 2.188224443147847253e+00
3.165949343274053831e+02 5.382560053256223398e+01 1.962000000000000000e+03 7.777777777777777679e+00 3.856015331269823099e-01 2.400000000000000000e+02 2.494065942980219427e-02 3.000000000000000000e+00 1.274750185827346671e+00
3.243140431746459171e+02 5.709846929486823797e+01 2.141000000000000000e+03 8.333333333333333925e+00 4.022725302537038528e-01 2.440000000000000000e+02 2.574036377687170113e-02 3.000000000000000000e+00 2.937066205198705648e-01
3.226605239226891513e+02 6.125573467105290604e+01 2.326000000000000000e+03 9.444444444444444642e+00 4.202685075622220601e-01 2.470000000000000000e+02 1.944898408360089606e-02 3.000000000000000000e+00 2.782800063427915555e-02
3.508826521632394702e+02 7.549088112703485365e+01 2.284000000000000000e+03 9.722222222222221433e+00 4.422150834413243747e-01 2.180000000000000000e+02 1.938954850598659588e-02 3.000000000000000000e+00 2.235345490413810920e-01
5.103333111296684024e+02 6.941920988127328940e+01 1.594000000000000000e+03 1.000000000000000000e+01 4.427661985341185269e-01 1.710000000000000000e+02 1.812522716378118723e-02 4.000000000000000000e+00 1.789334734265676796e-01
5.417198895508294072e+02 5.813575957589711862e+01 1.668000000000000000e+03 1.027777777777777679e+01 4.485461678174764155e-01 2.160000000000000000e+02 2.302957107485254992e-02 4.000000000000000000e+00 9.387858509282426267e-01
6.166545713635823631e+02 4.395239181998389455e+01 1.745000000000000000e+03 1.083333333333333393e+01 4.642202987337943343e-01 2.440000000000000000e+02 3.083566612432413895e-02 4.000000000000000000e+00 2.212927272003975876e+00
6.022968169911866880e+02 4.353398437155087919e+01 1.818000000000000000e+03 1.138888888888888928e+01 4.583433367676508219e-01 2.480000000000000000e+02 2.812308541510542825e-02 4.000000000000000000e+00 2.663195175593891406e+00
5.937083096192619678e+02 4.383457852503802599e+01 1.892000000000000000e+03 1.194444444444444464e+01 4.569085659819250855e-01 2.510000000000000000e+02 2.584597801839885051e-02 4.000000000000000000e+00 1.955903437596806071e+00
5.570721086616953244e+02 4.727921478508766029e+01 1.993000000000000000e+03 1.250000000000000000e+01 4.526658660207032447e-01 2.510000000000000000e+02 2.109624588939064752e-02 4.000000000000000000e+00 1.150583522118834967e+00
6.014021235490254185e+02 4.846812491593155414e+01 2.071000000000000000e+03 1.305555555555555536e+01 4.690018139396119889e-01 2.530000000000000000e+02 2.445297600044592234e-02 4.000000000000000000e+00 1.122154743991034209e+00
5.859603303027065522e+02 5.060650446501070832e+01 2.155000000000000000e+03 1.361111111111111072e+01 4.709141712084268794e-01 2.540000000000000000e+02 2.125611874213138852e-02 4.000000000000000000e+00 1.606657145328336256e+00
5.840700853550362126e+02 5.393279601170882387e+01 2.231000000000000000e+03 1.416666666666666607e+01 4.766455033176175138e-01 2.530000000000000000e+02 1.922700388808301630e-02 4.000000000000000000e+00 1.719918447015622132e+00
6.136060351301358651e+02 7.497106717406393273e+01 2.073000000000000000e+03 1.416666666666666607e+01 4.691038915684985211e-01 2.030000000000000000e+02 1.812981660444614590e-02 4.000000000000000000e+00 1.339269894038363162e+00
7.356659827406897421e+02 6.349331090562947111e+01 1.482000000000000000e+03 1.416666666666666607e+01 4.201239322202197091e-01 1.250000000000000000e+02 1.224668184465664209e-02 5.000000000000000000e+00 1.221863151242482903e+00
6.980446890803219731e+02 6.819171920940934228e+01 1.511000000000000000e+03 1.416666666666666607e+01 3.901868368359206474e-01 1.610000000000000000e+02 1.336016264448704888e-02 5.000000000000000000e+00 9.101481525104517800e-01
6.723515497836295935e+02 6.102308994802989872e+01 1.535000000000000000e+03 1.444444444444444464e+01 3.620411160163487518e-01 2.000000000000000000e+02 1.348023582015491287e-02 5.000000000000000000e+00 3.500203487423113602e-01
7.534359143484883816e+02 5.544270188855069392e+01 1.562000000000000000e+03 1.472222222222222143e+01 3.551626398591689049e-01 2.150000000000000000e+02 2.137355507969052049e-02 5.000000000000000000e+00 -7.870821032382666060e-03
7.576660910549795744e+02 5.336721472448132175e+01 1.577000000000000000e+03 1.472222222222222143e+01 3.326752302556146845e-01 2.200000000000000000e+02 2.494979169835189609e-02 5.000000000000000000e+00 -4.462647029011437283e-01
7.146469105282111514e+02 4.621028817866850602e+01 1.609000000000000000e+03 1.500000000000000000e+01 3.043331179078757054e-01 2.340000000000000000e+02 2.375476271519758736e-02 5.000000000000000000e+00 -1.174301849726316682e+00
7.519602007771939043e+02 4.235362131223138960e+01 1.634000000000000000e+03 1.527777777777777679e+01 2.932268608483338812e-01 2.410000000000000000e+02 2.793603117132593960e-02 5.000000000000000000e+00 -1.759770434755717483e+00
7.514771825565155723e+02 4.188258249838652603e+01 1.662000000000000000e+03 1.555555555555555536e+01 2.787652416538119460e-01 2.430000000000000000e+02 2.903983454570591843e-02 5.000000000000000000e+00 -1.941413846179648406e+00
6.753807753101115168e+02 4.122248113811314596e+01 1.685000000000000000e+03 1.583333333333333215e+01 2.542581098715810950e-01 2.450000000000000000e+02 2.394265056705384073e-02 5.000000000000000000e+00 -2.063555839288809590e+00
6.143462603284109491e+02 4.157663773142516561e+01 1.717000000000000000e+03 1.611111111111111072e+01 2.366736066910238578e-01 2.460000000000000000e+02 1.984626061622469378e-02 5.000000000000000000e+00 -2.562482663927785786e+00
5.368110844389073009e+02 4.297242024477741040e+01 1.737000000000000000e+03 1.638888888888888928e+01 2.188500287829509561e-01 2.450000000000000000e+02 1.384922083975499880e-02 5.000000000000000000e+00 -3.013162675894688558e+00
5.773396234592325982e+02 4.240272202574531946e+01 1.763000000000000000e+03 1.666666666666666785e+01 2.241627631649110441e-01 2.470000000000000000e+02 1.653336845885253897e-02 5.000000000000000000e+00 -2.587339748585952393e+00
5.659515491025917981e+02 4.592055602569725181e+01 1.783000000000000000e+03 1.666666666666666785e+01 2.174727670327274431e-01 2.430000000000000000e+02 1.681280872627960443e-02 5.000000000000000000e+00 -1.650965488346670895e+00
4.654526611010258534e+02 4.678509596387438307e+01 1.809000000000000000e+03 1.694444444444444287e+01 1.965891047625653032e-01 2.430000000000000000e+02 9.132915258909121703e-03 5.000000000000000000e+00 -1.252922166489522482e+00
3.586245161004488295e+02 4.609108808198770646e+01 1.830000000000000000e+03 1.722222222222222143e+01 1.783490862929033860e-01 2.450000000000000000e+02 5.063314802313745788e-04 5.000000000000000000e+00 -1.283901754590944133e+00
3.800290473266763343e+02 4.725761074905270931e+01 1.844000000000000000e+03 1.722222222222222143e+01 1.801896278145044827e-01 2.440000000000000000e+02 2.582311914742092731e-03 5.000000000000000000e+00 -8.853339969232498774e-01
3.630549562676172854e+02 5.377113031012364530e+01 1.863000000000000000e+03 1.750000000000000000e+01 1.765051839103994880e-01 2.350000000000000000e+02 7.575548192967188109e-04 5.000000000000000000e+00 -4.097189656747448616e-01
3.108047172077069149e+02 5.771847674299868913e+01 1.876000000000000000e+03 1.750000000000000000e+01 1.646522641075629234e-01 2.290000000000000000e+02 -2.631972167804919483e-03 5.000000000000000000e+00 -9.240561817861379090e-01
2.847762745286426025e+02 6.304595802993263476e+01 1.880000000000000000e+03 1.750000000000000000e+01 1.544533705338076990e-01 2.190000000000000000e+02 -3.904456541064317641e-03 5.000000000000000000e+00 -2.003084316068179938e+00
2.527194408815956592e+02 6.395530451352173174e+01 1.879000000000000000e+03 1.777777777777777857e+01 1.460702723273469561e-01 2.170000000000000000e+02 -6.840097736337350312e-03 5.000000000000000000e+00 -2.241070184935324061e+00
1.748864678482254931e+02 6.231500971163900005e+01 1.888000000000000000e+03 1.777777777777777857e+01 1.292790474268953604e-01 2.210000000000000000e+02 -1.215832666262530760e-02 5.000000000000000000e+00 -1.169196095422599058e+00
1.319595821513587737e+02 5.846930432746840012e+01 1.900000000000000000e+03 1.777777777777777857e+01 1.170188756578890432e-01 2.290000000000000000e+02 -1.474186489662997201e-02 5.000000000000000000e+00 5.019666419894834863e-01
1.747466951210378738e+02 7.100724685529328895e+01 1.635000000000000000e+03 1.777777777777777857e+01 1.137643837687970644e-01 1.620000000000000000e+02 -1.264292194773508106e-02 5.000000000000000000e+00 1.876006358004956631e+00
3.257836963622086728e+02 6.214354897099188690e+01 1.371000000000000000e+03 1.750000000000000000e+01 1.151544835698298241e-01 1.280000000000000000e+02 -4.013845148051892187e-03 5.000000000000000000e+00 2.673009963445970083e+00
1.750410107890929794e+02 6.469585605728396160e+01 1.360000000000000000e+03 1.750000000000000000e+01 8.153661883732671312e-02 1.480000000000000000e+02 -1.080084653719352167e-02 5.000000000000000000e+00 2.554285530344080346e+00
2.021320208792086248e+02 6.298785145577011235e+01 1.364000000000000000e+03 1.750000000000000000e+01 7.248895661575206761e-02 1.760000000000000000e+02 -7.896232100426480924e-03 5.000000000000000000e+00 1.397464666433374525e+00
2.137417507104981098e+02 6.032577282825420184e+01 1.369000000000000000e+03 1.777777777777777857e+01 6.747493852753592980e-02 1.880000000000000000e+02 -7.157000228253379039e-03 5.000000000000000000e+00 6.972706661233174508e-01
1.601112440068301623e+02 5.807073708835108050e+01 1.379000000000000000e+03 1.777777777777777857e+01 5.536139934686606923e-02 1.960000000000000000e+02 -9.377292549554678419e-03 5.000000000000000000e+00 1.551873760961617998e+00
2.830414044130730531e+02 5.752467914320887132e+01 1.385000000000000000e+03 1.805555555555555358e+01 7.010749358102923157e-02 1.980000000000000000e+02 -3.260095500366994546e-03 5.000000000000000000e+00 2.402839920776828730e+00
3.032643123560123399e+02 5.650469625076480185e+01 1.389000000000000000e+03 1.805555555555555358e+01 7.089139233072674906e-02 2.010000000000000000e+02 -1.918489125636480821e-03 5.000000000000000000e+00 1.425829230813985049e+00
3.507895064962086167e+02 5.355664537539886538e+01 1.404000000000000000e+03 1.805555555555555358e+01 7.390925906384249178e-02 2.090000000000000000e+02 1.230925705846077018e-03 5.000000000000000000e+00 -8.061058765899350442e-01
2.964772580232773862e+02 5.153462060565787795e+01 1.416000000000000000e+03 1.833333333333333215e+01 6.802016849047139158e-02 2.140000000000000000e+02 -2.433820632074837516e-03 5.000000000000000000e+00 -2.249415891547487778e+00
3.878855929179075588e+02 5.025187524378281267e+01 1.424000000000000000e+03 1.833333333333333215e+01 7.974502794684609763e-02 2.170000000000000000e+02 2.645234376608538406e-03 5.000000000000000000e+00 -1.723248411782687173e+00
3.299893596093231736e+02 4.984976762486626711e+01 1.428000000000000000e+03 1.833333333333333215e+01 7.054553314913480921e-02 2.180000000000000000e+02 -2.388257931272493332e-04 5.000000000000000000e+00 -5.584494256485933450e-02
4.317513609999718369e+02 5.061934623614777706e+01 1.436000000000000000e+03 1.861111111111111072e+01 8.512079970035674181e-02 2.170000000000000000e+02 4.398825369035241038e-03 5.000000000000000000e+00 8.991696310485167709e-01
4.160567035995813967e+02 5.298997986200294719e+01 1.448000000000000000e+03 1.861111111111111072e+01 8.370855164858989617e-02 2.130000000000000000e+02 3.723547124462192083e-03 5.000000000000000000e+00 4.991588526591737018e-01
2.648471051536158711e+02 5.594661184351689798e+01 1.455000000000000000e+03 1.888888888888888928e+01 6.876828033639320603e-02 2.070000000000000000e+02 -5.650360505844463643e-03 5.000000000000000000e+00 4.774851071345673215e-02
3.326852801039377141e+02 5.893793014703503985e+01 1.448000000000000000e+03 1.888888888888888928e+01 8.023518386574418626e-02 1.990000000000000000e+02 -2.420346355431759848e-03 5.000000000000000000e+00 4.025184631975646798e-01
4.315032410145946642e+02 6.128152954610988701e+01 1.459000000000000000e+03 1.888888888888888928e+01 9.289083674777776078e-02 1.930000000000000000e+02 3.082521018324624329e-03 5.000000000000000000e+00 3.481701493281850190e-01
5.246863345737197051e+02 6.306404917914660757e+01 1.461000000000000000e+03 1.888888888888888928e+01 1.016254457274323592e-01 1.870000000000000000e+02 8.514850316631071211e-03 5.000000000000000000e+00 -8.838824005706547027e-01
5.711724022989961895e+02 6.026653011152529160e+01 1.470000000000000000e+03 1.916666666666666785e+01 1.070556878473358370e-01 1.970000000000000000e+02 1.028248784852535402e-02 5.000000000000000000e+00 -2.148252499956612382e+00
4.792818298333935445e+02 5.722877772817523834e+01 1.470000000000000000e+03 1.916666666666666785e+01 9.427045960688935911e-02 2.050000000000000000e+02 5.481648639144088772e-03 5.000000000000000000e+00 -2.520776407914924633e+00
5.439963601181991635e+02 5.159837693247356327e+01 1.485000000000000000e+03 1.916666666666666785e+01 9.995737523461251106e-02 2.180000000000000000e+02 9.607067143889079855e-03 5.000000000000000000e+00 -2.092778091936602358e+00
4.971007447175042557e+02 4.731510514300510550e+01 1.490000000000000000e+03 1.916666666666666785e+01 8.943876305599457455e-02 2.260000000000000000e+02 7.682822991366437468e-03 5.000000000000000000e+00 -1.257432665357923529e+00
5.031480730742879928e+02 4.567221702875060174e+01 1.495000000000000000e+03 1.944444444444444287e+01 8.939789426617979207e-02 2.290000000000000000e+02 7.241772853392808296e-03 5.000000000000000000e+00 -9.212329252330155871e-01
5.819224598106280837e+02 5.360744721828617543e+01 1.501000000000000000e+03 1.944444444444444287e+01 9.779698060956633354e-02 2.150000000000000000e+02 1.181366205952520329e-02 5.000000000000000000e+00 -1.767374879572780166e+00
5.821176175425334804e+02 6.086727608222896890e+01 1.504000000000000000e+03 1.944444444444444287e+01 9.398966187534239791e-02 1.980000000000000000e+02 1.232927553651110009e-02 5.000000000000000000e+00 -2.887301549056901617e+00
6.610237883631034492e+02 6.499011866653020775e+01 1.506000000000000000e+03 1.944444444444444287e+01 9.837162715550061554e-02 1.840000000000000000e+02 1.729019833843328802e-02 5.000000000000000000e+00 -2.684508191578546032e+00
7.451175968311538327e+02 6.635227064715914480e+01 1.504000000000000000e+03 1.944444444444444287e+01 1.013740528398135859e-01 1.770000000000000000e+02 2.263857748716364623e-02 5.000000000000000000e+00 -9.914659211793427351e-01
6.581683155946067245e+02 6.644540347273986924e+01 1.501000000000000000e+03 1.944444444444444287e+01 8.207026244802109738e-02 1.760000000000000000e+02 1.875680584793927574e-02 5.000000000000000000e+00 4.706380971873970753e-01
5.901440160207940835e+02 6.663050575531515562e+01 1.502000000000000000e+03 1.944444444444444287e+01 6.593759882145923401e-02 1.750000000000000000e+02 1.594060345616594293e-02 5.000000000000000000e+00 4.655107225295311846e-01
5.012597647011867252e+02 6.665819963714248786e+01 1.497000000000000000e+03 1.944444444444444287e+01 4.773630099180418279e-02 1.740000000000000000e+02 1.178813990843857566e-02 5.000000000000000000e+00 1.220523888140458979e-01
5.135111059397000872e+02 6.723501949309120107e+01 1.504000000000000000e+03 1.944444444444444287e+01 4.343078853086687618e-02 1.710000000000000000e+02 1.326235607708400183e-02 5.000000000000000000e+00 5.525012936160056398e-01
5.733129587202304265e+02 6.718253460895641638e+01 1.507000000000000000e+03 1.944444444444444287e+01 4.489580571808450549e-02 1.720000000000000000e+02 1.726098532127958579e-02 5.000000000000000000e+00 1.185473498245001478e+00
5.158013131595739651e+02 6.754646474588221849e+01 1.512000000000000000e+03 1.944444444444444287e+01 3.189814881538680785e-02 1.700000000000000000e+02 1.488746133186359157e-02 5.000000000000000000e+00 1.642165638919398818e+00
4.333405762777044856e+02 6.747637233790057110e+01 1.519000000000000000e+03 1.972222222222222143e+01 2.167417735121394268e-02 1.720000000000000000e+02 9.591353176896726812e-03 5.000000000000000000e+00 1.886032510540484930e+00
3.545159891819393465e+02 6.754899159083268501e+01 1.533000000000000000e+03 1.972222222222222143e+01 1.379421304152519782e-02 1.740000000000000000e+02 5.329720955591090228e-03 5.000000000000000000e+00 1.222722948728304004e+00
2.464626742675513924e+02 6.662041507394583562e+01 1.544000000000000000e+03 2.000000000000000000e+01 7.231933552326616152e-03 1.810000000000000000e+02 -1.966075993195313173e-03 5.000000000000000000e+00 -8.432186351092935128e-02
1.436189100309802598e+02 6.645990482857904169e+01 1.554000000000000000e+03 2.000000000000000000e+01 1.811321365848616444e-03 1.830000000000000000e+02 -8.309174792047697294e-03 5.000000000000000000e+00 -3.036145655195180981e-01
1.191615235581490140e+01 6.582698948958460505e+01 1.575000000000000000e+03 2.027777777777777857e+01 -2.444256565548576839e-03 1.880000000000000000e+02 -1.737260064036633481e-02 5.000000000000000000e+00 7.542201280897703475e-01
5.222823136749472184e+01 6.351123313072336174e+01 1.587000000000000000e+03 2.055555555555555358e+01 1.917514678355723701e-02 1.970000000000000000e+02 -1.754143319005152524e-02 5.000000000000000000e+00 1.233529479607377466e+00
1.199435033345759933e+02 6.681461589876549567e+01 1.603000000000000000e+03 2.055555555555555358e+01 4.081544134625331166e-02 1.870000000000000000e+02 -1.524836842865368892e-02 5.000000000000000000e+00 1.384531244058132549e-01
1.826879179222540870e+02 6.713269716365734041e+01 1.606000000000000000e+03 2.083333333333333215e+01 6.275607568945537618e-02 1.860000000000000000e+02 -1.402740756804366114e-02 5.000000000000000000e+00 -1.735603420224483440e+00
1.666376967587613365e+02 7.000520621159498091e+01 1.614000000000000000e+03 2.083333333333333215e+01 7.130797151694225067e-02 1.700000000000000000e+02 -1.601335200500290934e-02 5.000000000000000000e+00 -2.676180076932388907e+00
1.064900118365409725e+02 7.059474183016546078e+01 1.617000000000000000e+03 2.083333333333333215e+01 7.078697278921687597e-02 1.620000000000000000e+02 -2.005541716066666993e-02 5.000000000000000000e+00 -1.609844251949489102e+00
3.634170287384574749e+01 7.082408893802140426e+01 1.627000000000000000e+03 2.083333333333333215e+01 6.654074713511159977e-02 1.550000000000000000e+02 -2.437456860306243256e-02 5.000000000000000000e+00 3.305100867276918319e-01
1.372959423537190844e+02 7.055826469902412157e+01 1.630000000000000000e+03 2.111111111111111072e+01 8.661699859637769783e-02 1.490000000000000000e+02 -2.027581381511981209e-02 5.000000000000000000e+00 1.061845339625760776e+00
1.617009869343366404e+02 7.072412652246470088e+01 1.631000000000000000e+03 2.111111111111111072e+01 9.386725525310217477e-02 1.510000000000000000e+02 -1.941120403673542161e-02 5.000000000000000000e+00 1.574542192408220076e-01
1.579441133017743368e+02 7.055284772260121429e+01 1.633000000000000000e+03 2.111111111111111072e+01 9.450935161820007979e-02 1.690000000000000000e+02 -1.972556024018654389e-02 5.000000000000000000e+00 -1.028704150759913949e+00
5.606941028224218115e+01 6.937659414933683877e+01 1.638000000000000000e+03 2.138888888888888928e+01 8.628355725788312836e-02 1.790000000000000000e+02 -2.633624107722658259e-02 5.000000000000000000e+00 -1.202219975724365009e+00
1.462494545756250375e+00 6.910381283053662571e+01 1.649000000000000000e+03 2.138888888888888928e+01 8.276531750818640065e-02 1.820000000000000000e+02 -2.963631214932152189e-02 5.000000000000000000e+00 -3.682136138841106687e-01
9.077730341506419620e+01 6.865992404174353680e+01 1.656000000000000000e+03 2.138888888888888928e+01 9.458325715298682157e-02 1.850000000000000000e+02 -2.484458890639358250e-02 5.000000000000000000e+00 2.379039415806682434e-01
-2.734063572716557289e+01 6.833347227682348546e+01 1.661000000000000000e+03 2.166666666666666785e+01 8.361835716020024623e-02 1.870000000000000000e+02 -3.221785398984323978e-02 5.000000000000000000e+00 -6.577725323582456207e-01
3.949902004942364431e-01 6.571207773174602096e+01 1.667000000000000000e+03 2.166666666666666785e+01 8.950186841304814955e-02 1.970000000000000000e+02 -3.099448259701470185e-02 5.000000000000000000e+00 -2.471140404979372374e+00
3.934485458072845177e+01 5.950960379539017708e+01 1.667000000000000000e+03 2.166666666666666785e+01 9.396860463942635633e-02 2.130000000000000000e+02 -2.884535166299495926e-02 5.000000000000000000e+00 -2.851942283599016470e+00
6.281154948251270298e+01 5.201375445543889953e+01 1.676000000000000000e+03 2.166666666666666785e+01 9.420923284872721737e-02 2.280000000000000000e+02 -2.725522482295492099e-02 5.000000000000000000e+00 -9.723864236516659432e-01
6.075313828958694273e+01 4.621559442262485362e+01 1.669000000000000000e+03 2.166666666666666785e+01 8.951490406731711647e-02 2.370000000000000000e+02 -2.689152487838322031e-02 5.000000000000000000e+00 1.046376126102127380e+00
2.972043322641435736e+01 3.857130855553643300e+01 1.672000000000000000e+03 2.166666666666666785e+01 8.026762851121807540e-02 2.480000000000000000e+02 -2.797066212584662509e-02 5.000000000000000000e+00 1.073225068656807224e+00
3.090508602967051388e+01 3.826418107676706626e+01 1.663000000000000000e+03 2.166666666666666785e+01 7.446056194371672432e-02 2.480000000000000000e+02 -2.725607029082507612e-02 5.000000000000000000e+00 -6.648340405067578729e-01
-4.839105613839368658e+01 3.880740603819157286e+01 1.657000000000000000e+03 2.138888888888888928e+01 5.303795389616540457e-02 2.470000000000000000e+02 -2.974221753748559557e-02 5.000000000000000000e+00 -2.132526972289130462e+00
-2.385422689051592471e+01 3.778611952659664297e+01 1.649000000000000000e+03 2.138888888888888928e+01 4.527820734870387220e-02 2.480000000000000000e+02 -2.719412729095131362e-02 5.000000000000000000e+00 -1.523124657691117267e+00
8.631862854281496311e+01 3.764946058179076260e+01 1.645000000000000000e+03 2.138888888888888928e+01 4.880151694504877846e-02 2.480000000000000000e+02 -2.010170759411677652e-02 5.000000000000000000e+00 4.911562146028404241e-01
5.796470955436206651e+01 3.634232026533648963e+01 1.629000000000000000e+03 2.111111111111111072e+01 3.020374480916731760e-02 2.490000000000000000e+02 -1.941730314697504706e-02 5.000000000000000000e+00 1.543265566231258656e+00
1.229019696270714661e+02 3.686305325274690148e+01 1.622000000000000000e+03 2.111111111111111072e+01 2.466665479851944814e-02 2.480000000000000000e+02 -1.441470758452945665e-02 5.000000000000000000e+00 8.834811800787172320e-01
1.876853055182735943e+02 3.631534926358374094e+01 1.606000000000000000e+03 2.083333333333333215e+01 1.541958668202955685e-02 2.480000000000000000e+02 -8.427776848260312356e-03 5.000000000000000000e+00 -2.406570142284941149e-01
3.560742444353739984e+02 3.754446098750714356e+01 1.598000000000000000e+03 2.083333333333333215e+01 2.027294025017766649e-02 2.460000000000000000e+02 2.371274707513900803e-03 5.000000000000000000e+00 -7.774178945991759848e-01
3.886068854075472814e+02 3.648980899626110386e+01 1.589000000000000000e+03 2.055555555555555358e+01 5.122356818899859165e-03 2.470000000000000000e+02 6.979065582046423653e-03 5.000000000000000000e+00 -7.017843246346792130e-01
4.764608047043330998e+02 3.607980829124587530e+01 1.577000000000000000e+03 2.055555555555555358e+01 -1.281748154096414537e-03 2.470000000000000000e+02 1.344026827986600364e-02 5.000000000000000000e+00 -5.196278766999499199e-01
5.857043915437101305e+02 3.584049309486810841e+01 1.570000000000000000e+03 2.027777777777777857e+01 -6.831870056847411631e-03 2.470000000000000000e+02 2.232961517185326483e-02 5.000000000000000000e+00 -7.212172131603448166e-01
6.913702491679716786e+02 3.539575508140901405e+01 1.557000000000000000e+03 2.027777777777777857e+01 -1.161195014754836177e-02 2.470000000000000000e+02 2.969151041781717751e-02 5.000000000000000000e+00 -1.418702304993464836e+00
7.220146774227553124e+02 3.590977843466338015e+01 1.550000000000000000e+03 2.000000000000000000e+01 -2.659023992554060065e-02 2.460000000000000000e+02 3.439185114134078736e-02 5.000000000000000000e+00 -2.040336990541254281e+00
6.686256328911977107e+02 3.405015941058029938e+01 1.540000000000000000e+03 2.000000000000000000e+01 -4.952646913033834780e-02 2.480000000000000000e+02 3.299258578970702682e-02 5.000000000000000000e+00 -1.722450843475583415e+00
4.294397167433991740e+02 5.733373801946100912e+01 1.488000000000000000e+03 1.916666666666666785e+01 -3.203227978259111375e-02 2.060000000000000000e+02 1.649662303548295877e-02 5.000000000000000000e+00 1.858434421960055705e+00
4.858152021708096981e+02 5.668251049784698381e+01 1.495000000000000000e+03 1.944444444444444287e+01 -1.250907859910308992e-02 2.080000000000000000e+02 1.738822859322166139e-02 5.000000000000000000e+00 1.464567815347948443e+00
5.179257374455672789e+02 5.737591002860749256e+01 1.504000000000000000e+03 1.944444444444444287e+01 2.824991681872879995e-03 2.070000000000000000e+02 1.807549844942608550e-02 5.000000000000000000e+00 7.037827438294289584e-01
4.451508153192926898e+02 5.890271727454997119e+01 1.514000000000000000e+03 1.944444444444444287e+01 2.806354807376832978e-03 2.040000000000000000e+02 1.331053017874336657e-02 5.000000000000000000e+00 -1.694875769781470365e-02
4.694331905850896192e+02 5.976965550222075763e+01 1.517000000000000000e+03 1.972222222222222143e+01 1.780960986258773096e-02 2.020000000000000000e+02 1.243267882628336374e-02 5.000000000000000000e+00 -9.029552898751400103e-02
4.539038419334572154e+02 5.947591458312146528e+01 1.534000000000000000e+03 2.000000000000000000e+01 3.158318711089828229e-02 2.040000000000000000e+02 9.264969404178848011e-03 5.000000000000000000e+00 3.232770741468988795e-01
3.656192803991619371e+02 6.032411147992168310e+01 1.550000000000000000e+03 2.000000000000000000e+01 3.414914659363007393e-02 2.030000000000000000e+02 3.260470747135354574e-03 5.000000000000000000e+00 6.852269308354316246e-01
3.573477502383145747e+02 5.996564436510676899e+01 1.565000000000000000e+03 2.027777777777777857e+01 4.847348555457380720e-02 2.050000000000000000e+02 4.991280759756697074e-04 5.000000000000000000e+00 8.373194984116657524e-01
3.492732347856111801e+02 6.295457293993223402e+01 1.579000000000000000e+03 2.055555555555555358e+01 6.483984424540796543e-02 1.980000000000000000e+02 -2.490281090699171269e-03 5.000000000000000000e+00 1.168663758752980231e+00
5.335494012564647619e+02 6.858239632142445430e+01 1.593000000000000000e+03 2.055555555555555358e+01 1.009002698773800444e-01 1.770000000000000000e+02 6.319774816909696363e-03 5.000000000000000000e+00 1.845073265318694533e+00
5.873404212263458248e+02 7.035360857233763454e+01 1.610000000000000000e+03 2.083333333333333215e+01 1.194215273516427700e-01 1.640000000000000000e+02 7.312993956986747063e-03 5.000000000000000000e+00 1.996611381508491379e+00
5.690304180010480195e+02 7.058350340093440423e+01 1.614000000000000000e+03 2.083333333333333215e+01 1.247000801357111277e-01 1.580000000000000000e+02 5.573825453552986101e-03 5.000000000000000000e+00 8.576995848773519837e-01
6.036627750368172656e+02 6.922984440465657485e+01 1.625000000000000000e+03 2.111111111111111072e+01 1.370216314559761506e-01 1.390000000000000000e+02 5.784621753951017277e-03 5.000000000000000000e+00 -1.119781332582427513e+00
5.202336878538377505e+02 6.881404308657678826e+01 1.641000000000000000e+03 2.111111111111111072e+01 1.318350889218817823e-01 1.350000000000000000e+02 1.039957040976380916e-03 5.000000000000000000e+00 -2.994577909104841673e+00
2.988362415430954684e+02 6.895177134917787498e+01 1.638000000000000000e+03 2.138888888888888928e+01 1.108193674707418225e-01 1.360000000000000000e+02 -1.265040229453759033e-02 5.000000000000000000e+00 -4.102217985819796908e+00
2.503986059247935714e+02 6.931550270191665675e+01 1.647000000000000000e+03 2.138888888888888928e+01 1.105086621550303294e-01 1.370000000000000000e+02 -1.579744749473842649e-02 5.000000000000000000e+00 -4.273224440126302426e+00
1.296607291838497531e+02 6.855179411676287771e+01 1.638000000000000000e+03 2.138888888888888928e+01 9.797633879623135478e-02 1.340000000000000000e+02 -2.266035708642576488e-02 5.000000000000000000e+00 -3.546966587954856642e+00
1.220320028776474999e+02 6.762757739789083189e+01 1.664000000000000000e+03 2.138888888888888928e+01 9.776296603111721273e-02 1.280000000000000000e+02 -2.302143169318877566e-02 5.000000000000000000e+00 -2.081496111886889100e+00
2.392277168359399582e+02 6.667597453025564391e+01 1.657000000000000000e+03 2.138888888888888928e+01 1.101337218355733227e-01 1.250000000000000000e+02 -1.641639946701681924e-02 5.000000000000000000e+00 -6.448446675759018643e-01
2.305044033889423929e+02 6.592542500829210894e+01 1.648000000000000000e+03 2.138888888888888928e+01 1.040385091163034542e-01 1.230000000000000000e+02 -1.642135332627203681e-02 5.000000000000000000e+00 -2.628153598770352484e-01
1.271699480813905296e+02 6.586502331657636944e+01 1.662000000000000000e+03 2.138888888888888928e+01 8.554749098513508843e-02 1.220000000000000000e+02 -2.132180911934429893e-02 5.000000000000000000e+00 -8.983529678782022909e-01
1.207421181068927325e+02 6.671196711474941310e+01 1.659000000000000000e+03 2.166666666666666785e+01 8.401797714582366627e-02 1.250000000000000000e+02 -2.225068547380958453e-02 5.000000000000000000e+00 -8.933248130031438139e-01
1.141302421237208335e+02 6.985027186379016939e+01 1.665000000000000000e+03 2.166666666666666785e+01 8.184080418970940407e-02 1.380000000000000000e+02 -2.242779562335248458e-02 5.000000000000000000e+00 4.516519649196861774e-01
1.136499944456763274e+02 7.093105302481350805e+01 1.673000000000000000e+03 2.166666666666666785e+01 7.891070065938089739e-02 1.440000000000000000e+02 -2.209776706524353707e-02 5.000000000000000000e+00 1.261868158304050080e+00
7.604798392464283552e+01 7.140375239154559495e+01 1.679000000000000000e+03 2.166666666666666785e+01 7.027744481476973226e-02 1.470000000000000000e+02 -2.368301313682726408e-02 5.000000000000000000e+00 9.526403604136967074e-01
9.553096237537255320e+01 7.165375724584382056e+01 1.691000000000000000e+03 2.194444444444444287e+01 7.345270118654542713e-02 1.470000000000000000e+02 -2.328352955718504189e-02 5.000000000000000000e+00 1.387564358755914773e+00
1.357421861719144829e+02 7.120453536056888311e+01 1.693000000000000000e+03 2.194444444444444287e+01 7.803363733721793705e-02 1.430000000000000000e+02 -2.104624481328113556e-02 5.000000000000000000e+00 2.722785851403133339e+00
2.053353595896028310e+02 7.061801718497517300e+01 1.695000000000000000e+03 2.194444444444444287e+01 8.414326412894601592e-02 1.390000000000000000e+02 -1.696892012730214991e-02 5.000000000000000000e+00 3.365350060612252836e+00
2.207479010652885449e+02 7.096646391553980493e+01 1.704000000000000000e+03 2.194444444444444287e+01 8.181785432047358753e-02 1.400000000000000000e+02 -1.557971141416512190e-02 5.000000000000000000e+00 3.020968163254343253e+00
2.316741451944860444e+02 7.253595734893211500e+01 1.701000000000000000e+03 2.194444444444444287e+01 7.767148375363501500e-02 1.590000000000000000e+02 -1.439800041509036940e-02 5.000000000000000000e+00 2.232915110145236692e+00
2.116453474730672610e+02 7.091355019675361859e+01 1.706000000000000000e+03 2.222222222222222143e+01 7.425133485876533879e-02 1.800000000000000000e+02 -1.607830816191318027e-02 5.000000000000000000e+00 1.052187852739872476e+00
2.375001492188542329e+02 6.851803985521914342e+01 1.706000000000000000e+03 2.222222222222222143e+01 7.611995058502911415e-02 1.910000000000000000e+02 -1.453374665728838534e-02 5.000000000000000000e+00 -2.033894536670532993e-01
1.317153550027031770e+02 6.351819148812018057e+01 1.703000000000000000e+03 2.194444444444444287e+01 5.523780734087195554e-02 2.060000000000000000e+02 -1.873466335180255446e-02 5.000000000000000000e+00 -5.645402844419220578e-01
2.325992145674400433e+02 5.794213769150000104e+01 1.694000000000000000e+03 2.194444444444444287e+01 5.951452474922466068e-02 2.180000000000000000e+02 -1.238278035871563133e-02 5.000000000000000000e+00 3.654669716258422962e-01
2.516458270597504452e+02 5.611685382132137789e+01 1.684000000000000000e+03 2.194444444444444287e+01 5.324080498652049298e-02 2.210000000000000000e+02 -1.048900220093814534e-02 5.000000000000000000e+00 1.859583042141532028e+00
2.876547543492701493e+02 5.692912067688072852e+01 1.677000000000000000e+03 2.166666666666666785e+01 4.443405646140840409e-02 2.190000000000000000e+02 -6.359450578401080502e-03 5.000000000000000000e+00 2.899122738932458976e+00
3.349581303034578923e+02 5.801605062275029212e+01 1.664000000000000000e+03 2.166666666666666785e+01 3.704287722320787068e-02 2.160000000000000000e+02 -2.483567966263333562e-03 5.000000000000000000e+00 2.710457816899834338e+00
3.439873232053973311e+02 6.082769444307201923e+01 1.652000000000000000e+03 2.138888888888888928e+01 2.155530606195723425e-02 2.090000000000000000e+02 5.188759724316084577e-04 5.000000000000000000e+00 1.250314529084128212e+00
2.180971475849351009e+02 6.659043786482033056e+01 1.644000000000000000e+03 2.138888888888888928e+01 -8.545037962798627401e-03 1.920000000000000000e+02 -4.792109130464742434e-03 5.000000000000000000e+00 -2.670931224549907279e-01
2.164198430136202944e+02 6.881297545974423713e+01 1.630000000000000000e+03 2.111111111111111072e+01 -2.452101555362913576e-02 1.810000000000000000e+02 -2.534269265672386019e-03 5.000000000000000000e+00 -3.859113572588340757e-01
2.506750434609942033e+02 7.031692549871782205e+01 1.627000000000000000e+03 2.111111111111111072e+01 -3.329147173796920267e-02 1.700000000000000000e+02 7.435700110013280335e-04 5.000000000000000000e+00 7.985229439079786218e-01
-6.524035184278194777e+01 7.091976771606607599e+01 1.629000000000000000e+03 2.111111111111111072e+01 -3.159265335614341863e-02 1.590000000000000000e+02 -2.094349282198870038e-02 5.000000000000000000e+00 -9.561436349514423894e-01
7.329487088081372725e+00 7.107708908796523417e+01 1.637000000000000000e+03 2.111111111111111072e+01 -9.898763369750471219e-03 1.610000000000000000e+02 -1.840819361318423233e-02 5.000000000000000000e+00 -1.501647262734713495e+00
3.112881580271271176e+01 7.100981940129835834e+01 1.633000000000000000e+03 2.138888888888888928e+01 8.250512035476305697e-03 1.590000000000000000e+02 -1.935850241395426982e-02 5.000000000000000000e+00 -2.305383036949452791e+00
4.926547591242675139e+01 7.079136696927625394e+01 1.641000000000000000e+03 2.111111111111111072e+01 1.766245962624626159e-02 1.490000000000000000e+02 -1.859168853930028009e-02 5.000000000000000000e+00 -1.694605500347704741e+00
1.225625792765593758e+02 7.009074158188676051e+01 1.645000000000000000e+03 2.138888888888888928e+01 3.617289062231242303e-02 1.420000000000000000e+02 -1.623783426541786784e-02 5.000000000000000000e+00 -1.939273475032199379e-01
4.559985260868268142e+01 6.800425736164319801e+01 1.632000000000000000e+03 2.138888888888888928e+01 3.397512429490782276e-02 1.320000000000000000e+02 -2.124333059490046693e-02 5.000000000000000000e+00 5.005623267272436561e-01
5.475142660836059605e+01 6.911947425761847796e+01 1.637000000000000000e+03 2.111111111111111072e+01 3.524827828459994178e-02 1.370000000000000000e+02 -2.017836516686163581e-02 5.000000000000000000e+00 6.498327590220539518e-01
2.306234875074606236e+02 7.059019737911208381e+01 1.645000000000000000e+03 2.138888888888888928e+01 6.020122923545148663e-02 1.460000000000000000e+02 -1.157105134795545325e-02 5.000000000000000000e+00 9.452305427974057039e-01
2.263457579697249287e+02 7.147853721260933924e+01 1.654000000000000000e+03 2.138888888888888928e+01 6.086088438366429876e-02 1.580000000000000000e+02 -1.185069684997552830e-02 5.000000000000000000e+00 1.473991002316840104e+00
3.071025529367528861e+02 7.154961853746588929e+01 1.660000000000000000e+03 2.138888888888888928e+01 7.024329624216470169e-02 1.630000000000000000e+02 -7.304315687721581532e-03 5.000000000000000000e+00 1.801320088112361439e+00
3.551041928308531510e+02 7.158150697399682372e+01 1.665000000000000000e+03 2.166666666666666785e+01 7.839374725665466948e-02 1.650000000000000000e+02 -5.697757598397382335e-03 5.000000000000000000e+00 9.658505508284409569e-01
2.940082380827429915e+02 7.155070106832070564e+01 1.666000000000000000e+03 2.166666666666666785e+01 7.190772320459634659e-02 1.660000000000000000e+02 -9.109705110302330697e-03 5.000000000000000000e+00 -5.898458035045480718e-01
2.575841249405416420e+02 7.159910390155724258e+01 1.677000000000000000e+03 2.166666666666666785e+01 6.727369357167607700e-02 1.690000000000000000e+02 -1.095177525586148171e-02 5.000000000000000000e+00 -1.289914523177318362e+00
2.506142579882520636e+02 7.171776360748035017e+01 1.682000000000000000e+03 2.166666666666666785e+01 6.492620105974029887e-02 1.690000000000000000e+02 -1.111611647423262593e-02 5.000000000000000000e+00 -1.105775556280589322e+00
2.270785800349947010e+02 7.204581182050574739e+01 1.685000000000000000e+03 2.166666666666666785e+01 5.943155620502531267e-02 1.650000000000000000e+02 -1.209075091758934212e-02 5.000000000000000000e+00 -1.102443546320396317e+00
2.475996820873077979e+02 7.195773148761890070e+01 1.686000000000000000e+03 2.194444444444444287e+01 6.371053890265894470e-02 1.670000000000000000e+02 -1.190647097273575192e-02 5.000000000000000000e+00 -9.877835414830381522e-01
1.048926658654299189e+02 7.188380994490795217e+01 1.689000000000000000e+03 2.194444444444444287e+01 4.749738311214925235e-02 1.690000000000000000e+02 -1.977124912042368260e-02 5.000000000000000000e+00 1.059240492091992891e-01
1.208620618595879534e+02 7.142112016683906006e+01 1.686000000000000000e+03 2.194444444444444287e+01 5.024726315715001557e-02 1.730000000000000000e+02 -1.900634756531889916e-02 5.000000000000000000e+00 1.170605645927726979e+00
1.742692624556741237e+02 7.013128228939763176e+01 1.682000000000000000e+03 2.166666666666666785e+01 5.088088864557900604e-02 1.810000000000000000e+02 -1.478746449410506085e-02 5.000000000000000000e+00 8.197103018480424996e-01
4.632190873563978073e+01 6.931320964267665374e+01 1.673000000000000000e+03 2.166666666666666785e+01 2.807693557921377148e-02 1.840000000000000000e+02 -2.103893531105563083e-02 5.000000000000000000e+00 3.358272621116170642e-02
1.165350813513730088e+01 6.841185284328877003e+01 1.664000000000000000e+03 2.166666666666666785e+01 1.858718396563327491e-02 1.870000000000000000e+02 -2.235191547135123233e-02 5.000000000000000000e+00 1.826835886689594513e-01
1.264451323625262233e+02 6.620139641626705895e+01 1.651000000000000000e+03 2.138888888888888928e+01 2.271608409684826996e-02 1.940000000000000000e+02 -1.444773943198587179e-02 5.000000000000000000e+00 1.964155343378375940e-01
1.185634808441355545e+02 6.307822300122926862e+01 1.634000000000000000e+03 2.111111111111111072e+01 6.323594992080967814e-03 2.020000000000000000e+02 -1.261137390575546580e-02 5.000000000000000000e+00 -1.323100210477556216e+00
-3.354718831660807155e+01 5.287431048953207835e+01 1.631000000000000000e+03 2.111111111111111072e+01 -2.528838254594189400e-02 2.240000000000000000e+02 -1.948791604238812869e-02 5.000000000000000000e+00 -3.284745311435830040e+00
-4.263203835258344299e+01 4.105165472560015871e+01 1.616000000000000000e+03 2.083333333333333215e+01 -4.048244797012608837e-02 2.420000000000000000e+02 -1.790786092359193671e-02 5.000000000000000000e+00 -3.623645643242131342e+00
7.393512525853614648e+01 3.990385787530765782e+01 1.603000000000000000e+03 2.083333333333333215e+01 -3.736047534532913744e-02 2.430000000000000000e+02 -1.031358259380968888e-02 5.000000000000000000e+00 -2.099833726487030816e+00
9.014254192875557692e+01 4.377377875584954836e+01 1.534000000000000000e+03 2.000000000000000000e+01 -2.607283146519595585e-02 2.340000000000000000e+02 -8.958546518196266670e-03 5.000000000000000000e+00 8.070068506598747637e-01
1.416074363623203567e+02 4.653104003563979774e+01 1.541000000000000000e+03 2.000000000000000000e+01 -8.656610372243224438e-03 2.300000000000000000e+02 -7.365307042566487418e-03 5.000000000000000000e+00 1.463145077705320984e+00
1.017542590154216668e+02 5.063202685608295184e+01 1.541000000000000000e+03 2.000000000000000000e+01 -4.852365979079246473e-03 2.230000000000000000e+02 -1.049870212019144919e-02 5.000000000000000000e+00 6.551784826657185423e-01
7.631538003106909684e+01 5.220141084573701562e+01 1.539000000000000000e+03 2.000000000000000000e+01 -6.603762079866329696e-04 2.200000000000000000e+02 -1.270149471089641706e-02 5.000000000000000000e+00 -7.453081404000885257e-01
1.529376160703928065e+02 5.172769376972808431e+01 1.541000000000000000e+03 2.000000000000000000e+01 1.460060803493397341e-02 2.210000000000000000e+02 -9.178766789850982891e-03 5.000000000000000000e+00 -1.370448001207389632e+00
2.216685992643839143e+02 5.172769376972808431e+01 1.541000000000000000e+03 2.000000000000000000e+01 2.669283706292407271e-02 2.210000000000000000e+02 -5.847437315086426168e-03 5.000000000000000000e+00 -1.438125334537744049e+00
2.452326161278731433e+02 5.169684246908473568e+01 1.540000000000000000e+03 2.000000000000000000e+01 3.135644296127627212e-02 2.210000000000000000e+02 -4.773673518637980631e-03 5.000000000000000000e+00 -1.717684212053382842e+00
2.292745751033081092e+02 5.294247143108950837e+01 1.546000000000000000e+03 2.000000000000000000e+01 3.009390622955093395e-02 2.190000000000000000e+02 -5.657392823359611196e-03 5.000000000000000000e+00 -2.004926586681922807e+00
2.346651511865713360e+02 5.577238983994619304e+01 1.541000000000000000e+03 2.000000000000000000e+01 3.053898672447415835e-02 2.130000000000000000e+02 -5.390792317094986706e-03 5.000000000000000000e+00 -1.849897063784764484e+00
1.962815480172515947e+02 6.036581786162763308e+01 1.538000000000000000e+03 2.000000000000000000e+01 2.503730541100016027e-02 2.020000000000000000e+02 -7.416240785814690387e-03 5.000000000000000000e+00 -1.366545368902028823e+00
2.919624117958142051e+01 6.514199436990304548e+01 1.530000000000000000e+03 1.972222222222222143e+01 -1.470009809615584195e-03 1.860000000000000000e+02 -1.530072771574282620e-02 5.000000000000000000e+00 -6.965553924009131315e-01
-3.904158808549017579e+01 6.759869797303937844e+01 1.524000000000000000e+03 1.972222222222222143e+01 -1.417541162657978346e-02 1.720000000000000000e+02 -1.855167309973726822e-02 5.000000000000000000e+00 -5.079344199210750199e-02
-8.024545222926512622e+01 6.816177695408877923e+01 1.516000000000000000e+03 1.972222222222222143e+01 -2.173980486691967293e-02 1.640000000000000000e+02 -2.049315530329537394e-02 5.000000000000000000e+00 8.710231029572482186e-03
-6.667825781696105025e+01 6.823780907497064163e+01 1.513000000000000000e+03 1.944444444444444287e+01 -2.697811074415720767e-02 1.610000000000000000e+02 -1.855759733158702726e-02 5.000000000000000000e+00 -2.389534468392121580e-01
-9.645786081246457755e+00 6.804423384262639729e+01 1.501000000000000000e+03 1.944444444444444287e+01 -2.563162320365142133e-02 1.570000000000000000e+02 -1.478442023263764823e-02 5.000000000000000000e+00 2.223175087010868523e-01
1.636475849393389979e+02 6.788690895562433525e+01 1.494000000000000000e+03 1.944444444444444287e+01 -9.115776756120411856e-03 1.560000000000000000e+02 -4.862480878195034675e-03 5.000000000000000000e+00 1.089409194415903448e+00
2.100048283806232803e+02 6.795420217071765023e+01 1.497000000000000000e+03 1.944444444444444287e+01 -8.160878035406871761e-03 1.560000000000000000e+02 -1.795710095823027522e-03 5.000000000000000000e+00 1.252100450930437425e+00
1.833263734393014772e+02 6.769564462610254907e+01 1.486000000000000000e+03 1.944444444444444287e+01 -1.545388597015223339e-02 1.580000000000000000e+02 -2.890086587381028409e-03 5.000000000000000000e+00 1.022862383868983649e+00
2.115536201085828054e+02 6.774107679646866131e+01 1.488000000000000000e+03 1.916666666666666785e+01 -1.972652898081671269e-02 1.580000000000000000e+02 1.968278969448267386e-04 5.000000000000000000e+00 1.418131057500623848e+00
1.512938369887736485e+02 6.772830528334031897e+01 1.487000000000000000e+03 1.944444444444444287e+01 -2.874031683845223659e-02 1.570000000000000000e+02 -3.567996337982897673e-03 5.000000000000000000e+00 2.059787986483941680e+00
2.582850735739057768e+02 6.762716508172783847e+01 1.485000000000000000e+03 1.916666666666666785e+01 -2.025394870536785866e-02 1.600000000000000000e+02 3.422413189241498791e-03 5.000000000000000000e+00 1.773518217438676103e+00
3.817196133600025973e+02 6.774107679646866131e+01 1.488000000000000000e+03 1.916666666666666785e+01 -1.012034707282043720e-02 1.580000000000000000e+02 1.079156233129533599e-02 5.000000000000000000e+00 7.770080635909790701e-01
4.419204800810706502e+02 6.776378888940301692e+01 1.489000000000000000e+03 1.916666666666666785e+01 -7.488743174053953504e-03 1.580000000000000000e+02 1.464529681269943241e-02 5.000000000000000000e+00 2.853195511301594434e-01
5.564880151746244792e+02 6.781095174807227011e+01 1.493000000000000000e+03 1.944444444444444287e+01 7.116185612456229527e-03 1.600000000000000000e+02 1.995386305779380670e-02 5.000000000000000000e+00 4.240436921661113190e-01
6.305239592714426635e+02 6.794868100792238863e+01 1.499000000000000000e+03 1.944444444444444287e+01 1.715090890934590703e-02 1.600000000000000000e+02 2.402892436205912932e-02 5.000000000000000000e+00 4.983898913005079812e-01
4.862333802908089524e+02 6.806338379885305301e+01 1.504000000000000000e+03 1.944444444444444287e+01 -4.525563574684574042e-04 1.600000000000000000e+02 1.627568473443617020e-02 5.000000000000000000e+00 2.582403629956717683e-01
3.550140999686286136e+02 6.808871821670923907e+01 1.503000000000000000e+03 1.944444444444444287e+01 -1.548689950969110371e-02 1.560000000000000000e+02 8.970264932239525521e-03 5.000000000000000000e+00 2.315281206954492021e-02
5.217190263713952163e+02 6.819026424343930159e+01 1.510000000000000000e+03 1.944444444444444287e+01 7.155818770193823203e-03 1.530000000000000000e+02 1.799542436945285317e-02 5.000000000000000000e+00 4.487644702987266671e-02
4.020070206286344501e+02 6.818853878437937510e+01 1.516000000000000000e+03 1.972222222222222143e+01 -2.245330985290219447e-03 1.500000000000000000e+02 1.006468017952318918e-02 5.000000000000000000e+00 -1.876282018539249252e-01
3.413571609693904634e+02 6.851997766337258611e+01 1.525000000000000000e+03 1.972222222222222143e+01 -2.982258234297235477e-03 1.530000000000000000e+02 6.168598044702990404e-03 5.000000000000000000e+00 -8.959343630178606688e-01
5.164097038719246484e+02 6.840432169544462226e+01 1.526000000000000000e+03 1.972222222222222143e+01 2.383903176351551828e-02 1.500000000000000000e+02 1.516053577537090739e-02 5.000000000000000000e+00 -6.993934405849513425e-01
6.064942688683387360e+02 6.869716389871427964e+01 1.537000000000000000e+03 2.000000000000000000e+01 4.219399347924309568e-02 1.510000000000000000e+02 1.849795643082714769e-02 5.000000000000000000e+00 1.423877898380284446e+00
6.730173650135368462e+02 6.872753518225573544e+01 1.541000000000000000e+03 2.000000000000000000e+01 5.579778975654152429e-02 1.500000000000000000e+02 2.161824003367399452e-02 5.000000000000000000e+00 3.585033671940656586e+00
6.866343513974178450e+02 6.889969438787282741e+01 1.549000000000000000e+03 2.000000000000000000e+01 6.031628149731359939e-02 1.500000000000000000e+02 2.228483706987964205e-02 5.000000000000000000e+00 3.365626752206732242e+00
6.153775212822105232e+02 6.888710951108863867e+01 1.555000000000000000e+03 2.027777777777777857e+01 5.685720057911550218e-02 1.480000000000000000e+02 1.687938124421976133e-02 5.000000000000000000e+00 1.499623424880583089e+00
5.895679990270865574e+02 6.921835116089398809e+01 1.567000000000000000e+03 2.027777777777777857e+01 5.913036132497068859e-02 1.490000000000000000e+02 1.518762751764986610e-02 5.000000000000000000e+00 1.960048646769151914e-01
6.814728543710270969e+02 6.948436991115612216e+01 1.571000000000000000e+03 2.027777777777777857e+01 7.313838722082334487e-02 1.520000000000000000e+02 2.001937896026875080e-02 5.000000000000000000e+00 1.039041823543963433e-01
6.068597699153705207e+02 6.975263205829786273e+01 1.577000000000000000e+03 2.055555555555555358e+01 6.852943629039598417e-02 1.580000000000000000e+02 1.451482685912991455e-02 5.000000000000000000e+00 6.714284617905743602e-01
6.818360852429404986e+02 6.979589347782889774e+01 1.586000000000000000e+03 2.055555555555555358e+01 8.200988658549236698e-02 1.640000000000000000e+02 1.835832471034032701e-02 5.000000000000000000e+00 1.488673973171996234e+00
6.801579240799334229e+02 7.000414080425927921e+01 1.603000000000000000e+03 2.055555555555555358e+01 8.335596423304722502e-02 1.670000000000000000e+02 1.859102511471793021e-02 5.000000000000000000e+00 2.391893428639495944e+00
7.545013721455263749e+02 7.021338275148484342e+01 1.602000000000000000e+03 2.083333333333333215e+01 9.522286217543107778e-02 1.630000000000000000e+02 2.114972013276853954e-02 5.000000000000000000e+00 2.726089519249649484e+00
7.755308994647742793e+02 7.037612237780562907e+01 1.605000000000000000e+03 2.083333333333333215e+01 9.926043325986701193e-02 1.570000000000000000e+02 2.222720320187127410e-02 5.000000000000000000e+00 1.779813672567485128e+00
7.185640052282184342e+02 7.025035491051708902e+01 1.612000000000000000e+03 2.083333333333333215e+01 9.138381920777567669e-02 1.500000000000000000e+02 1.944127493460445777e-02 5.000000000000000000e+00 1.012584911738007021e-02
6.049968344978498180e+02 7.048126756949373828e+01 1.617000000000000000e+03 2.083333333333333215e+01 7.512572647903291434e-02 1.520000000000000000e+02 1.361867231091711851e-02 5.000000000000000000e+00 -1.110665308275762486e+00
5.742834116125744686e+02 7.066589879263875673e+01 1.618000000000000000e+03 2.111111111111111072e+01 7.304581315152298970e-02 1.570000000000000000e+02 1.072854792369354847e-02 5.000000000000000000e+00 -1.822354856206048479e-01
5.470184333222117630e+02 7.075297966542007089e+01 1.622000000000000000e+03 2.111111111111111072e+01 7.140636965008050063e-02 1.600000000000000000e+02 9.157528573805383265e-03 5.000000000000000000e+00 2.417958965720330422e+00
5.726229139618779982e+02 7.090538720314495436e+01 1.632000000000000000e+03 2.111111111111111072e+01 7.468025467709382692e-02 1.630000000000000000e+02 1.076982250987536770e-02 5.000000000000000000e+00 3.970436418929533140e+00
6.261045208503334152e+02 7.100275096718350198e+01 1.638000000000000000e+03 2.138888888888888928e+01 8.377973449098431724e-02 1.640000000000000000e+02 1.247861732291317104e-02 5.000000000000000000e+00 2.481198683342525246e+00
5.475595764709541982e+02 7.121325441108497500e+01 1.644000000000000000e+03 2.138888888888888928e+01 7.575709224019724908e-02 1.620000000000000000e+02 8.195653672328847769e-03 5.000000000000000000e+00 -6.966917406369679266e-01
4.669567934741749582e+02 7.122769545012043579e+01 1.646000000000000000e+03 2.138888888888888928e+01 6.595500557388221663e-02 1.630000000000000000e+02 3.854276396733626649e-03 5.000000000000000000e+00 -2.728195955213781332e+00
5.206490647478077562e+02 7.090994826979115828e+01 1.648000000000000000e+03 2.138888888888888928e+01 7.154550274262086451e-02 1.690000000000000000e+02 6.923634193964881174e-03 5.000000000000000000e+00 -2.564973186128824079e+00
4.765194627836817176e+02 7.032818899217340913e+01 1.641000000000000000e+03 2.138888888888888928e+01 6.314335438133009126e-02 1.730000000000000000e+02 4.717975704279361512e-03 5.000000000000000000e+00 -1.440470313012323089e+00
5.613689509939209756e+02 7.005646558961164772e+01 1.635000000000000000e+03 2.111111111111111072e+01 6.524461890869878711e-02 1.740000000000000000e+02 1.112063671912531457e-02 5.000000000000000000e+00 -4.646403300571497197e-01
4.513269502900494103e+02 6.957215881287086745e+01 1.605000000000000000e+03 2.083333333333333215e+01 3.618091179947884040e-02 1.720000000000000000e+02 7.187347767965550707e-03 5.000000000000000000e+00 1.418585905860746121e-01
4.857550318690836093e+02 6.940701982537783010e+01 1.585000000000000000e+03 2.055555555555555358e+01 2.199954765795445952e-02 1.690000000000000000e+02 1.164982478558243030e-02 5.000000000000000000e+00 -1.015285972194328867e-01
4.817433941563995177e+02 6.758831632539857992e+01 1.560000000000000000e+03 2.027777777777777857e+01 -2.673395766350714076e-04 1.780000000000000000e+02 1.428497896508488726e-02 5.000000000000000000e+00 -7.912204227364798559e-01
4.038733397593814516e+02 5.785533150393290214e+01 1.550000000000000000e+03 2.000000000000000000e+01 -3.269739152027273388e-02 2.090000000000000000e+02 1.330491958596732513e-02 5.000000000000000000e+00 -6.218388829678221930e-01
5.384519899958962696e+02 4.637085202403954298e+01 1.536000000000000000e+03 2.000000000000000000e+01 -3.492103018034423134e-02 2.300000000000000000e+02 2.242639598513365695e-02 5.000000000000000000e+00 2.714855023246391941e-01
2.293511720028625689e+02 6.767110348289092769e+01 1.510000000000000000e+03 1.944444444444444287e+01 -3.533621565542984649e-02 1.450000000000000000e+02 2.673938601383362215e-03 5.000000000000000000e+00 2.371908729744859112e+00
2.560736574052452852e+02 6.632766534587121043e+01 1.523000000000000000e+03 1.972222222222222143e+01 -8.732857854124767560e-03 1.340000000000000000e+02 9.632449376800231817e-04 5.000000000000000000e+00 2.890073505508788720e+00
1.712551589989004412e+02 6.401385345395451054e+01 1.541000000000000000e+03 2.000000000000000000e+01 5.864570367728862491e-03 1.230000000000000000e+02 -6.962196298948876427e-03 5.000000000000000000e+00 1.623658624789757532e+00
9.445814521690682852e+01 6.182318124134485515e+01 1.564000000000000000e+03 2.027777777777777857e+01 2.319282055867838768e-02 1.150000000000000000e+02 -1.460681760914481556e-02 5.000000000000000000e+00 3.603280118924249154e-01
9.153384898158975602e+01 6.090506046554036601e+01 1.576000000000000000e+03 2.055555555555555358e+01 5.023024716154619873e-02 1.120000000000000000e+02 -1.835634960826249690e-02 5.000000000000000000e+00 -1.183651814908428662e-01
2.446130608805517568e+02 6.087334727638697274e+01 1.598000000000000000e+03 2.055555555555555358e+01 9.048589173506235706e-02 1.110000000000000000e+02 -1.223731979714299568e-02 5.000000000000000000e+00 -3.153867149633429734e-01
2.049758057052781908e+02 6.108481179375458225e+01 1.611000000000000000e+03 2.083333333333333215e+01 1.046832661537742265e-01 1.110000000000000000e+02 -1.712579820194345265e-02 5.000000000000000000e+00 -4.279803052583814327e-01
2.669622697468412866e+02 6.129592209271388725e+01 1.624000000000000000e+03 2.111111111111111072e+01 1.314454483487966230e-01 1.110000000000000000e+02 -1.648574982816090884e-02 5.000000000000000000e+00 2.240954946887355193e-02
2.739561735361955925e+02 6.095512571730088069e+01 1.628000000000000000e+03 2.111111111111111072e+01 1.451005776054329899e-01 1.100000000000000000e+02 -1.748220520933106009e-02 5.000000000000000000e+00 1.003057502031122761e+00
1.861196613815090473e+02 6.084078228264111488e+01 1.596000000000000000e+03 2.083333333333333215e+01 1.356349440486636637e-01 1.110000000000000000e+02 -2.197030514202901255e-02 5.000000000000000000e+00 1.831015074527767572e+00
2.313925346096614248e+02 5.977515198382830874e+01 1.555000000000000000e+03 2.027777777777777857e+01 1.280394692968893355e-01 1.100000000000000000e+02 -1.702355289260420318e-02 5.000000000000000000e+00 2.025988360797343457e+00
3.246546622994041513e+02 5.896701239210148771e+01 1.530000000000000000e+03 2.000000000000000000e+01 1.184564787589082874e-01 1.090000000000000000e+02 -9.196082329839413982e-03 5.000000000000000000e+00 1.377143608775485806e+00
2.195187262137475557e+02 5.804265872684254646e+01 1.498000000000000000e+03 1.944444444444444287e+01 7.438265789118007898e-02 1.080000000000000000e+02 -1.031055722955810834e-02 5.000000000000000000e+00 9.133755852218999882e-02
2.702810535811407817e+02 5.820406079279808864e+01 1.483000000000000000e+03 1.916666666666666785e+01 4.766581943936275267e-02 1.090000000000000000e+02 -3.328575427000533306e-03 5.000000000000000000e+00 -7.481381879138432334e-01
1.272422705132246250e+02 5.750914055136647818e+01 1.465000000000000000e+03 1.916666666666666785e+01 1.720528310414234929e-03 1.080000000000000000e+02 -8.099098450167383292e-03 5.000000000000000000e+00 -2.792949879646215439e-01
1.783670092485155578e+02 6.081562082498140143e+01 1.465000000000000000e+03 1.916666666666666785e+01 -1.353938742347371785e-02 1.170000000000000000e+02 -2.953968799489606421e-03 5.000000000000000000e+00 7.571668418419427171e-01
1.548988840484676643e+02 6.605298950215167508e+01 1.482000000000000000e+03 1.916666666666666785e+01 -3.321337363716418689e-02 1.370000000000000000e+02 -2.230204391828156246e-03 5.000000000000000000e+00 1.310880823970893783e+00
2.719316761656257881e+02 6.305716816421347914e+01 1.488000000000000000e+03 1.916666666666666785e+01 -3.152067655832460624e-02 1.230000000000000000e+02 5.645196362217821603e-03 5.000000000000000000e+00 1.912367347103081094e+00
2.721184569512012104e+02 6.535439814200610442e+01 1.483000000000000000e+03 1.916666666666666785e+01 -4.188985831775373508e-02 1.330000000000000000e+02 6.747450772244513451e-03 5.000000000000000000e+00 3.087052020681786857e+00
2.716151973430111752e+02 6.655382577096006003e+01 1.478000000000000000e+03 1.916666666666666785e+01 -4.926476935464125378e-02 1.410000000000000000e+02 7.469952837910904912e-03 5.000000000000000000e+00 3.581400660239104194e+00
7.118457756843248490e+02 3.228522379261526964e+01 1.400000000000000000e+03 1.805555555555555358e+01 -4.682649862964431697e-02 2.440000000000000000e+02 3.929102641740467305e-02 5.000000000000000000e+00 5.844521374229493249e-01
8.096833480300142583e+02 3.319436009713698610e+01 1.383000000000000000e+03 1.805555555555555358e+01 -4.719492811081678341e-02 2.420000000000000000e+02 4.535582128416838776e-02 5.000000000000000000e+00 -2.513924158240523621e-01
9.139027550640786330e+02 3.197367253394842024e+01 1.369000000000000000e+03 1.777777777777777857e+01 -4.813268548898104460e-02 2.430000000000000000e+02 5.328417917450610497e-02 5.000000000000000000e+00 4.510102628795021329e-01
2.647102444461812070e+02 4.520767550757624775e+01 1.954000000000000000e+03 7.777777777777777679e+00 2.152938352004710176e-02 2.520000000000000000e+02 5.359841496917518155e-02 3.000000000000000000e+00 6.413101038611441762e-01
3.212162477484596934e+02 7.306572308640181745e+01 1.754000000000000000e+03 8.055555555555555358e+00 1.003080848873974945e-01 1.730000000000000000e+02 4.768297455150145858e-02 3.000000000000000000e+00 9.440280410427007163e-03
4.470653209436646307e+02 6.444299360557533873e+01 1.342000000000000000e+03 8.333333333333333925e+00 2.062806757467586793e-01 1.560000000000000000e+02 3.751756650044681812e-02 4.000000000000000000e+00 -9.059145179228205169e-01
4.665794827243238387e+02 6.211971083602209376e+01 1.406000000000000000e+03 8.888888888888889284e+00 2.537068850332251380e-01 1.850000000000000000e+02 3.341258337341236617e-02 4.000000000000000000e+00 -1.465280099947199099e+00
4.725065067181075165e+02 5.688076353647866767e+01 1.487000000000000000e+03 9.166666666666666075e+00 2.942633350962265415e-01 2.070000000000000000e+02 3.119524828478825382e-02 4.000000000000000000e+00 -1.529115058702133600e+00
4.902213299230072607e+02 4.900317370688140528e+01 1.562000000000000000e+03 9.722222222222221433e+00 3.315267890038598453e-01 2.270000000000000000e+02 2.844747656857917265e-02 4.000000000000000000e+00 -1.150150654343527590e+00
4.949076750799800379e+02 5.108320900387425212e+01 1.628000000000000000e+03 1.027777777777777679e+01 3.627731493381348704e-01 2.270000000000000000e+02 2.415287551683385422e-02 4.000000000000000000e+00 -5.016407455026385964e-01
5.125044867821477510e+02 4.689725036576988515e+01 1.710000000000000000e+03 1.055555555555555536e+01 3.938005520933466896e-01 2.380000000000000000e+02 2.453489395874606030e-02 4.000000000000000000e+00 -4.461494176156903801e-01
4.441516279788536963e+02 4.055127655607020642e+01 1.774000000000000000e+03 1.111111111111111072e+01 3.964816140491829732e-01 2.500000000000000000e+02 1.300405874637535972e-02 4.000000000000000000e+00 -1.323475445322783051e+00
4.863108731507415428e+02 4.013808346630828794e+01 1.851000000000000000e+03 1.166666666666666607e+01 4.283746882368987263e-01 2.540000000000000000e+02 1.440379289158800515e-02 4.000000000000000000e+00 -1.372890099941232789e+00
4.331936099037137637e+02 4.418047350659492878e+01 1.924000000000000000e+03 1.222222222222222143e+01 4.340920870060721581e-01 2.520000000000000000e+02 5.259412184827641674e-03 4.000000000000000000e+00 6.926921746281526904e-01
4.660056346643615939e+02 4.768769266726305034e+01 2.005000000000000000e+03 1.250000000000000000e+01 4.579371377879104532e-01 2.510000000000000000e+02 8.087997118772541696e-03 4.000000000000000000e+00 3.098487597765893220e+00
4.492672597825055050e+02 5.547590882701924642e+01 2.052000000000000000e+03 1.305555555555555536e+01 4.632779676786919487e-01 2.420000000000000000e+02 3.207817478805015995e-03 4.000000000000000000e+00 3.274716869845242684e+00
6.000903498532609319e+02 6.929013617588834961e+01 1.574000000000000000e+03 1.305555555555555536e+01 4.663105536908632165e-01 1.480000000000000000e+02 4.402091883644550230e-03 4.000000000000000000e+00 1.036070331126970778e+00
4.931584764703791279e+02 6.377781218388415851e+01 1.362000000000000000e+03 1.277777777777777679e+01 3.966216620345258681e-01 1.380000000000000000e+02 -4.995091371522559359e-03 5.000000000000000000e+00 -2.810392016637915269e+00
4.235418892950077634e+02 6.461946778470051811e+01 1.392000000000000000e+03 1.305555555555555536e+01 3.652987942868534676e-01 1.700000000000000000e+02 -8.376385633484617274e-03 5.000000000000000000e+00 -2.257480474778481128e+00
2.952248625241039122e+02 6.164533888539077822e+01 1.418000000000000000e+03 1.333333333333333215e+01 3.269197102492137907e-01 1.880000000000000000e+02 -1.658933634380421740e-02 5.000000000000000000e+00 -1.369127333009505731e+00
2.138176559903305645e+02 5.816114382090380275e+01 1.447000000000000000e+03 1.361111111111111072e+01 3.003735621548749846e-01 2.010000000000000000e+02 -2.162604907180730798e-02 5.000000000000000000e+00 -7.854997340447964493e-01
1.722905356529477956e+02 5.541873421436946501e+01 1.467000000000000000e+03 1.388888888888888928e+01 2.834093030140632519e-01 2.090000000000000000e+02 -2.408569065596699241e-02 5.000000000000000000e+00 2.344409127933164971e-01
9.918903902344590051e+01 5.533774225027777760e+01 1.495000000000000000e+03 1.388888888888888928e+01 2.583993179802737128e-01 2.110000000000000000e+02 -2.794640531101095365e-02 5.000000000000000000e+00 1.866099793705466858e+00
7.950160346571283299e+01 5.740501286189658714e+01 1.505000000000000000e+03 1.416666666666666607e+01 2.451380032399559095e-01 2.070000000000000000e+02 -2.879214308813553974e-02 5.000000000000000000e+00 2.810518647602787468e+00
7.915798789284421844e+01 6.168504410450047004e+01 1.521000000000000000e+03 1.444444444444444464e+01 2.381985763603859108e-01 1.970000000000000000e+02 -2.847550737750935076e-02 5.000000000000000000e+00 2.066870231396924051e+00
3.149931975356307490e+01 6.798822535631703090e+01 1.518000000000000000e+03 1.444444444444444464e+01 2.201253535298139663e-01 1.670000000000000000e+02 -3.090330389485197379e-02 5.000000000000000000e+00 5.960108424539890537e-01
-1.131459239502159342e+01 6.469752093601356080e+01 1.506000000000000000e+03 1.416666666666666607e+01 1.947666138866420427e-01 1.280000000000000000e+02 -3.171293456127401850e-02 5.000000000000000000e+00 -1.510557462940884110e-01
3.119454931084493055e+01 6.007810372327165283e+01 1.482000000000000000e+03 1.388888888888888928e+01 1.771230738887666911e-01 1.140000000000000000e+02 -2.540249959121851711e-02 5.000000000000000000e+00 -2.542698678886209929e-01
7.064443596111476431e+00 5.682505515880575331e+01 1.376000000000000000e+03 1.305555555555555536e+01 1.310420134715103713e-01 1.100000000000000000e+02 -2.155541845473842727e-02 5.000000000000000000e+00 -3.371509880574810047e-01
-4.202634060768436086e+01 5.473026558057790680e+01 1.274000000000000000e+03 1.222222222222222143e+01 6.795104087135460380e-02 1.090000000000000000e+02 -1.812402805785328502e-02 5.000000000000000000e+00 -1.751458593022153509e-01
-7.617816498666303460e+01 5.201381934097481263e+01 1.159000000000000000e+03 1.111111111111111072e+01 -7.236346922434591655e-03 1.070000000000000000e+02 -1.175344509512124720e-02 5.000000000000000000e+00 3.602120666174588592e-01
3.784198186426168320e+01 6.821409534431394661e+01 1.922000000000000000e+03 4.444444444444444642e+00 -9.815131965105132472e-03 2.100000000000000000e+02 1.476005333563259157e-02 2.000000000000000000e+00 1.741420046898670138e-02
4.900491911676340351e+01 7.280802000765660864e+01 1.725000000000000000e+03 5.000000000000000000e+00 4.154545873758028196e-02 1.680000000000000000e+02 8.720307245141523458e-03 2.000000000000000000e+00 1.718562313779408157e+00
8.231496352979691267e+01 6.154912713728445794e+01 1.282000000000000000e+03 5.000000000000000000e+00 1.140917622017915689e-01 1.340000000000000000e+02 4.832158962654251912e-03 3.000000000000000000e+00 2.850905429260476076e+00
1.090420780136509791e+02 6.546827632933957375e+01 1.391000000000000000e+03 5.555555555555555358e+00 1.580753448844346432e-01 1.500000000000000000e+02 5.151844695643801285e-03 3.000000000000000000e+00 1.713013602474204866e+00
9.605354892750158058e+01 6.750702201055096907e+01 1.479000000000000000e+03 5.833333333333333037e+00 1.829442070962604416e-01 1.530000000000000000e+02 -3.560035488722899846e-04 3.000000000000000000e+00 1.210038794965403008e+00
1.061853767384381655e+02 6.920341863343291777e+01 1.555000000000000000e+03 6.111111111111110716e+00 2.130349166261747695e-01 1.610000000000000000e+02 -1.495184087735739777e-03 3.000000000000000000e+00 1.531220748946433341e+00
1.223563955064660149e+02 7.072051989186883247e+01 1.628000000000000000e+03 6.666666666666666075e+00 2.454064461488194848e-01 1.650000000000000000e+02 -2.885909414862883066e-03 3.000000000000000000e+00 1.465422780425864824e+00
1.261485356063317482e+02 7.196586936149677172e+01 1.696000000000000000e+03 6.666666666666666075e+00 2.656298357946818012e-01 1.700000000000000000e+02 -3.179578147758184339e-03 3.000000000000000000e+00 7.810789945906840837e-01
1.125692603129213865e+02 7.302841242546905676e+01 1.757000000000000000e+03 7.222222222222222321e+00 2.774605077258396335e-01 1.740000000000000000e+02 -8.995424777148139373e-03 3.000000000000000000e+00 2.942793956887845841e-01
1.163169134952440515e+02 7.436633269193143292e+01 1.808000000000000000e+03 7.222222222222222321e+00 2.901717496605848989e-01 1.730000000000000000e+02 -8.877849525982785261e-03 3.000000000000000000e+00 4.628576650314871754e-01
9.883483544480560568e+01 7.525496978486138744e+01 1.845000000000000000e+03 7.500000000000000000e+00 2.898826675562495847e-01 1.730000000000000000e+02 -1.327124032993547663e-02 3.000000000000000000e+00 1.223084199020694207e+00
1.096773354386156711e+02 7.651214396142492546e+01 1.894000000000000000e+03 7.777777777777777679e+00 2.996661712240455411e-01 1.720000000000000000e+02 -1.243491859576075290e-02 3.000000000000000000e+00 2.080890951877305994e+00
9.971342978385965239e+01 7.720131343798968260e+01 1.909000000000000000e+03 7.777777777777777679e+00 2.942052809013261938e-01 1.650000000000000000e+02 -1.380030719433907212e-02 3.000000000000000000e+00 2.289232657997286591e+00
9.398781228473735894e+01 7.618179253142440643e+01 1.904000000000000000e+03 7.777777777777777679e+00 2.839366235953548756e-01 1.480000000000000000e+02 -1.395325981304344418e-02 3.000000000000000000e+00 1.653352105485164536e+00
8.853399225992066590e+01 7.191059313478237414e+01 1.840000000000000000e+03 7.500000000000000000e+00 2.632780754032207349e-01 1.320000000000000000e+02 -1.260425082961891437e-02 3.000000000000000000e+00 8.138578477370213005e-01
7.894146867287550151e+01 6.636063324647916772e+01 1.748000000000000000e+03 7.222222222222222321e+00 2.322215907538709989e-01 1.190000000000000000e+02 -1.127758210100860206e-02 3.000000000000000000e+00 4.641729851972739018e-01
6.990691460017121983e+01 6.328920432822199160e+01 1.674000000000000000e+03 6.944444444444444642e+00 1.959704369490558040e-01 1.140000000000000000e+02 -9.063491098831939069e-03 3.000000000000000000e+00 5.132356217827067635e-01
7.670705476908136689e+01 6.188288166022348236e+01 1.612000000000000000e+03 6.666666666666666075e+00 1.621222806633927094e-01 1.130000000000000000e+02 -3.635447766403869605e-03 3.000000000000000000e+00 4.984709950802068135e-01
5.573400504792823540e+01 6.190755702465298782e+01 1.569000000000000000e+03 6.388888888888888395e+00 1.153344757190575554e-01 1.150000000000000000e+02 -2.564699547827260263e-03 3.000000000000000000e+00 4.906458404829431297e-01
2.587482027954015962e+01 6.118001345238649691e+01 1.526000000000000000e+03 6.111111111111110716e+00 6.448562144067082613e-02 1.150000000000000000e+02 -3.137987774555382140e-03 3.000000000000000000e+00 9.006023203853804615e-01
1.188542905232962132e+00 5.896924850083840397e+01 1.482000000000000000e+03 6.111111111111110716e+00 2.253132721728752508e-02 1.110000000000000000e+02 -3.925729972747210236e-03 3.000000000000000000e+00 1.561767409943157547e+00
-7.897939049058063432e+00 5.718843058544592850e+01 1.421000000000000000e+03 5.833333333333333037e+00 -1.251680751509281000e-02 1.090000000000000000e+02 -1.835403485721886748e-03 3.000000000000000000e+00 1.749819138972130705e+00
-1.308224971682504822e+01 5.550862885878174069e+01 1.343000000000000000e+03 5.555555555555555358e+00 -4.535652641565552506e-02 1.080000000000000000e+02 8.620854817020594902e-04 3.000000000000000000e+00 1.476300822078226105e+00
1.052747370443137385e+02 7.052902505812052425e+01 1.632000000000000000e+03 3.611111111111111160e+00 1.783226838545343140e-01 1.690000000000000000e+02 1.960168529902133611e-02 2.000000000000000000e+00 -6.586154423214012343e-01
1.380109490462725716e+02 6.559037958971524063e+01 1.444000000000000000e+03 4.166666666666666963e+00 2.313496255173577709e-01 1.390000000000000000e+02 1.314318051591367893e-02 2.000000000000000000e+00 -2.007189150603693406e+00
1.582268140784856314e+02 5.617873909212567440e+01 1.205000000000000000e+03 4.444444444444444642e+00 2.999453406211556872e-01 1.170000000000000000e+02 3.656331182582692532e-03 3.000000000000000000e+00 3.688096905884384880e-01
1.742375555571901771e+02 6.021019669175178990e+01 1.282000000000000000e+03 5.000000000000000000e+00 3.312951771699980119e-01 1.270000000000000000e+02 1.504628096343400747e-03 3.000000000000000000e+00 1.034396648552404541e+00
1.816404609726161823e+02 6.104932518530938523e+01 1.364000000000000000e+03 5.555555555555555358e+00 3.588193908795117015e-01 1.240000000000000000e+02 -1.885854245657292861e-03 3.000000000000000000e+00 7.094947988195872135e-01
1.784339295038710418e+02 5.971279842133113647e+01 1.367000000000000000e+03 5.555555555555555358e+00 3.719645537559652104e-01 1.190000000000000000e+02 -3.956328860605316453e-03 3.000000000000000000e+00 6.288105057092832073e-01
1.633356830643886610e+02 5.807164757727768745e+01 1.385000000000000000e+03 5.555555555555555358e+00 3.699192243826390225e-01 1.130000000000000000e+02 -6.541455077350604927e-03 3.000000000000000000e+00 6.199120147345643650e-01
9.989284350271984181e+01 5.654364050696197097e+01 1.382000000000000000e+03 5.555555555555555358e+00 3.393623286264124128e-01 1.090000000000000000e+02 -1.715602853332358346e-02 3.000000000000000000e+00 2.092712449871548808e-01
8.654190882928953954e+01 5.611316135991672382e+01 1.404000000000000000e+03 5.555555555555555358e+00 3.242067521935565466e-01 1.070000000000000000e+02 -1.810139486062127545e-02 3.000000000000000000e+00 -6.499995876200506673e-02
9.778810250224326239e+01 5.643778013149920270e+01 1.424000000000000000e+03 5.555555555555555358e+00 3.138744506475905083e-01 1.070000000000000000e+02 -1.413365654021991359e-02 3.000000000000000000e+00 1.487209544671327585e-02
8.862244591049933717e+01 5.875353180136852416e+01 1.425000000000000000e+03 5.833333333333333037e+00 2.950441245416600689e-01 1.130000000000000000e+02 -1.519885975994536044e-02 3.000000000000000000e+00 4.555046035766305290e-01
8.405832612142285143e+01 6.314772864917127038e+01 1.493000000000000000e+03 6.111111111111110716e+00 2.826378370588087940e-01 1.230000000000000000e+02 -1.495186992454308750e-02 3.000000000000000000e+00 1.339204274506529346e+00
5.573179260844522531e+01 6.468368938348289987e+01 1.547000000000000000e+03 6.111111111111110716e+00 2.580589982518630143e-01 1.250000000000000000e+02 -1.789531957667605047e-02 3.000000000000000000e+00 2.028603716962953829e+00
5.928608546185205341e+01 5.744834530559450059e+01 1.292000000000000000e+03 6.111111111111110716e+00 2.389341283871601052e-01 1.160000000000000000e+02 -1.715991658690203814e-02 3.000000000000000000e+00 1.974961962164555995e+00
1.464927630015366944e+01 5.064771053468557938e+01 9.900000000000000000e+02 6.111111111111110716e+00 1.855126020338070114e-01 1.120000000000000000e+02 -2.019404067556162391e-02 4.000000000000000000e+00 1.188461458000483528e+00
2.145923132645998521e+01 5.425069596307123021e+01 1.036000000000000000e+03 6.388888888888888395e+00 1.747003379490679742e-01 1.220000000000000000e+02 -1.817173753014484153e-02 4.000000000000000000e+00 1.548393583942968554e+00
1.238096536274765791e+00 5.667973686620796769e+01 1.085000000000000000e+03 6.666666666666666075e+00 1.618747082664529768e-01 1.290000000000000000e+02 -1.980344357475589956e-02 4.000000000000000000e+00 1.704719031931211770e+00
-1.089838037517650848e+00 5.895359176282095603e+01 1.137000000000000000e+03 7.222222222222222321e+00 1.642873767180098310e-01 1.370000000000000000e+02 -2.074728254424043281e-02 4.000000000000000000e+00 1.175056322468816861e+00
9.060615046912115389e+00 5.761813121905791490e+01 1.150000000000000000e+03 7.222222222222222321e+00 1.660477339244521844e-01 1.270000000000000000e+02 -1.951782026910053522e-02 4.000000000000000000e+00 5.273425651918265400e-01
-8.159903255188128313e+00 5.327156535221184441e+01 1.131000000000000000e+03 7.222222222222222321e+00 1.572446090402493113e-01 1.120000000000000000e+02 -2.094133846262904303e-02 4.000000000000000000e+00 -3.105462917106693865e-01
-3.786679782451025744e+01 5.073510545168262098e+01 1.107000000000000000e+03 6.944444444444444642e+00 1.368473644275404189e-01 1.060000000000000000e+02 -2.269891428419351653e-02 4.000000000000000000e+00 -1.470299261536875957e+00
-5.629655115941812227e+01 4.905255092357599267e+01 1.033000000000000000e+03 6.666666666666666075e+00 1.134281917511709425e-01 1.050000000000000000e+02 -2.229895396682595246e-02 4.000000000000000000e+00 -1.956415769137704430e+00
-7.367116890241642579e+01 4.668490429350251958e+01 9.440000000000000000e+02 6.111111111111110716e+00 7.927842508745372441e-02 1.030000000000000000e+02 -2.053140779436796182e-02 4.000000000000000000e+00 -1.620319085308540519e+00
-9.753978620382299880e+01 4.561690913243210588e+01 9.070000000000000000e+02 5.555555555555555358e+00 3.411343796887226359e-02 1.020000000000000000e+02 -1.923356838348213790e-02 4.000000000000000000e+00 -1.653775277040811398e+00
-1.225999617919429312e+02 4.456900192872188171e+01 8.520000000000000000e+02 5.277777777777777679e+00 -9.007080569009492943e-03 1.020000000000000000e+02 -1.772114946317167317e-02 4.000000000000000000e+00 -2.136756648383467017e+00
